fact_idx,section,fact,uncertainty,spans,span_offsets,span_verified,synthesized,span_match_methods
0,subjective,The patient's name is Jerry.,0.6667,"[""Jerry, a 45-year-old male, presents with an ankle injury""]","[[5, 61]]",True,False,"[""exact""]"
1,subjective,The patient is a 45-year-old male.,0.0,"[""a 45-year-old male""]","[[12, 30]]",True,False,"[""exact""]"
2,subjective,The patient presents with an ankle injury.,0.0,"[""presents with an ankle injury""]","[[32, 61]]",True,False,"[""exact""]"
3,subjective,The patient sustained the ankle injury while playing basketball with his son.,0.0,"[""playing basketball with his 10-year-old son""]","[[78, 121]]",True,False,"[""exact""]"
4,subjective,The patient's son is 10 years old.,0.1111,"[""his 10-year-old son""]","[[102, 121]]",True,False,"[""exact""]"
5,subjective,"The patient's son collided with him, causing the ankle injury.",0.6667,"[""his son, who is more aggressive than his peers, collided with him""]","[[139, 204]]",True,False,"[""exact""]"
6,subjective,The patient's son is more aggressive than his peers.,0.8889,"[""who is more aggressive than his peers""]","[[148, 185]]",True,False,"[""exact""]"
7,subjective,The ankle injury occurred when the patient landed awkwardly and twisted his ankle.,0.0,"[""causing him to land awkwardly and twist his ankle""]","[[245, 294]]",True,False,"[""exact""]"
8,subjective,The patient describes the pain as located on the outside of the ankle.,0.3333,"[""the pain as located on the outside of the ankle""]","[[309, 356]]",True,False,"[""exact""]"
9,subjective,The ankle is swollen.,0.0,"[""which is swollen and bruised""]","[[358, 386]]",True,False,"[""exact""]"
10,subjective,The ankle is bruised.,0.2222,"[""which is swollen and bruised""]","[[358, 386]]",True,False,"[""exact""]"
11,subjective,The patient has been having trouble walking.,0.0,"[""having trouble walking""]","[[400, 422]]",True,False,"[""exact""]"
12,subjective,The patient feels the ankle is not stable.,0.0,"[""feels the ankle is not stable""]","[[427, 456]]",True,False,"[""exact""]"
13,subjective,The patient recently returned to working out after a period of inactivity.,0.5556,"[""recently returned to working out after a period of inactivity""]","[[461, 522]]",True,False,"[""exact""]"
14,subjective,The patient is concerned about disrupting his progress.,0.3333,"[""is concerned about disrupting his progress""]","[[527, 569]]",True,False,"[""exact""]"
15,objective,The patient's ankle is swollen on the lateral side.,0.3333,"[""The ankle is swollen on the lateral side""]","[[15, 55]]",True,False,"[""exact""]"
16,objective,The patient's ankle has exquisite tenderness on palpation.,0.0,"[""exquisite tenderness on palpation""]","[[62, 95]]",True,False,"[""exact""]"
17,objective,The patient has tenderness over the medial deltoid region.,0.1111,"[""tenderness over the medial deltoid region""]","[[106, 147]]",True,False,"[""exact""]"
18,objective,The patient's skin is intact.,0.0,"[""The skin is intact""]","[[149, 167]]",True,False,"[""exact""]"
19,objective,The patient has brisk capillary refill.,0.0,"[""capillary refill is brisk""]","[[173, 198]]",True,False,"[""exact""]"
20,objective,The patient's ankle has no malalignment.,0.0,"[""There is no malalignment""]","[[200, 224]]",True,False,"[""exact""]"
21,objective,The patient is able to stand on the ankle.,1.0,"[""The patient is able to stand on the ankle""]","[[226, 267]]",True,False,"[""exact""]"
22,objective,The patient reports difficulty walking due to instability.,0.6667,"[""difficulty walking due to instability""]","[[280, 317]]",True,False,"[""exact""]"
23,objective,The patient's right ankle X-ray shows a displaced lateral malleolus fracture.,0.3333,"[""An X-ray of the right ankle shows a displaced lateral malleolus fracture""]","[[334, 406]]",True,False,"[""exact""]"
24,objective,The patient's right ankle fracture is at the Weber C level.,0.3333,"[""at the Weber C level""]","[[407, 427]]",True,False,"[""exact""]"
25,objective,The patient's right ankle X-ray shows no evidence of medial malleolar fractures.,0.0,"[""no evidence of medial or posterior malleolar fractures""]","[[434, 488]]",True,False,"[""exact""]"
26,objective,The patient's right ankle X-ray shows no evidence of posterior malleolar fractures.,0.0,"[""no evidence of medial or posterior malleolar fractures""]","[[434, 488]]",True,False,"[""exact""]"
27,assessment,The patient has a displaced lateral malleolar fracture.,0.3333,"[""The patient has a displaced lateral malleolar fracture""]","[[12, 66]]",True,False,"[""exact""]"
28,assessment,The patient's lateral malleolar fracture is unstable.,0.2222,"[""which is unstable""]","[[68, 85]]",True,False,"[""exact""]"
29,assessment,The patient's lateral malleolar fracture requires surgical intervention.,0.3333,"[""requires surgical intervention""]","[[90, 120]]",True,False,"[""exact""]"
30,assessment,The patient has a lateral malleolar fracture listed in their problem list.,0.1111,"[""Lateral malleolar fracture""]","[[137, 163]]",True,False,"[""exact""]"
31,assessment,The patient has suspected instability listed in their problem list.,0.2222,"[""Suspected instability""]","[[165, 186]]",True,False,"[""exact""]"
32,plan,The patient was prescribed meloxicam.,0.0,"[""I prescribed meloxicam 7.5 mg PO q12h for pain and inflammation""]","[[0, 63]]",True,False,"[""exact""]"
33,plan,The patient's meloxicam dose is 7.5 mg.,0.8889,"[""7.5 mg""]","[[23, 29]]",True,False,"[""exact""]"
34,plan,The patient's meloxicam route is PO.,0.8889,"[""PO""]","[[30, 32]]",True,False,"[""exact""]"
35,plan,The patient's meloxicam frequency is q12h.,1.0,"[""q12h""]","[[33, 37]]",True,False,"[""exact""]"
36,plan,The patient's meloxicam indication is for pain and inflammation.,0.1111,"[""for pain and inflammation""]","[[38, 63]]",True,False,"[""exact""]"
37,plan,The patient was advised to ice the ankle.,0.0,"[""ice the ankle""]","[[90, 103]]",True,False,"[""exact""]"
38,plan,The patient was advised to elevate the ankle regularly.,0.0,"[""elevate it regularly""]","[[108, 128]]",True,False,"[""exact""]"
39,plan,The patient works from home.,0.5556,"[""as he works from home""]","[[130, 151]]",True,False,"[""exact""]"
40,plan,The patient was ordered crutches to assist with mobility.,0.2222,"[""I ordered crutches to assist with mobility""]","[[153, 195]]",True,False,"[""exact""]"
41,plan,The patient is cleared to continue coaching his son's basketball team.,0.4444,"[""The patient is to continue coaching his son's basketball team, as he is cleared to do so""]","[[197, 285]]",True,False,"[""exact""]"
42,plan,The patient will be out for approximately three months.,0.0,"[""He will be out for approximately three months""]","[[287, 332]]",True,False,"[""exact""]"
43,plan,The patient will be able to resume exercise after three months.,0.7778,"[""after which he will be able to resume exercise""]","[[334, 380]]",True,False,"[""exact""]"
44,plan,The patient will be able to return to playing basketball after three months.,0.8889,"[""and return to playing basketball""]","[[381, 413]]",True,False,"[""exact""]"
45,plan,The patient will follow up in three months.,0.4444,"[""The patient will follow up in three months""]","[[427, 469]]",True,False,"[""exact""]"
46,plan,The purpose of the follow-up is to assess healing and progress.,0.2222,"[""to assess healing and progress""]","[[470, 500]]",True,False,"[""exact""]"
